stat,type,filesizeGib,writeFreqDistOn,writeFrequencyZones,time,writeMibs, physMibs,readMibs, physicalMediaUnitsWrittenBytes, physicalMediaUnitsReadBytes, percentFreeBlocks,softECCError, unalignedIO, maxUserDataEraseCount,minUserDataEraseCount, currentThrottlingStatus
keep,ssd,10,0,0,1.00145,0,0,497,0,0,0,0,0,0,0,0
keep,ssd,10,0,0,2.00146,0,0,495,0,0,0,0,0,0,0,0
keep,ssd,10,0,0,3.00146,0,0,495,0,0,0,0,0,0,0,0
keep,ssd,10,0,0,4.00148,0,0,495,0,0,0,0,0,0,0,0
keep,ssd,10,0,0,5.00149,0,0,496,0,0,0,0,0,0,0,0
keep,ssd,10,0,0,6.0015,0,0,496,0,0,0,0,0,0,0,0
keep,ssd,10,0,0,7.00159,0,0,495,0,0,0,0,0,0,0,0
keep,ssd,10,0,0,8.00163,0,0,496,0,0,0,0,0,0,0,0
keep,ssd,10,0,0,9.00165,0,0,496,0,0,0,0,0,0,0,0
keep,ssd,10,0,0,10.0017,0,0,497,0,0,0,0,0,0,0,0
keep,ssd,10,0,0,11.0017,0,0,495,0,0,0,0,0,0,0,0
keep,ssd,10,0,0,12.0017,0,0,495,0,0,0,0,0,0,0,0
keep,ssd,10,0,0,13.0017,0,0,496,0,0,0,0,0,0,0,0
keep,ssd,10,0,0,14.0017,0,0,496,0,0,0,0,0,0,0,0
keep,ssd,10,0,0,15.0017,0,0,496,0,0,0,0,0,0,0,0
keep,ssd,10,0,0,16.0018,0,0,495,0,0,0,0,0,0,0,0
keep,ssd,10,0,0,17.0018,0,0,496,0,0,0,0,0,0,0,0
keep,ssd,10,0,0,18.0018,0,0,495,0,0,0,0,0,0,0,0
keep,ssd,10,0,0,19.0018,0,0,496,0,0,0,0,0,0,0,0
keep,ssd,10,0,0,20.0019,0,0,496,0,0,0,0,0,0,0,0
keep,ssd,10,0,0,21.0019,0,0,496,0,0,0,0,0,0,0,0
keep,ssd,10,0,0,22.0019,0,0,496,0,0,0,0,0,0,0,0
keep,ssd,10,0,0,23.0019,0,0,496,0,0,0,0,0,0,0,0
keep,ssd,10,0,0,24.0019,0,0,495,0,0,0,0,0,0,0,0
keep,ssd,10,0,0,25.002,0,0,496,0,0,0,0,0,0,0,0
keep,ssd,10,0,0,26.002,0,0,495,0,0,0,0,0,0,0,0
keep,ssd,10,0,0,27.002,0,0,496,0,0,0,0,0,0,0,0
keep,ssd,10,0,0,28.002,0,0,496,0,0,0,0,0,0,0,0
keep,ssd,10,0,0,29.002,0,0,496,0,0,0,0,0,0,0,0
