stat,type,filesizeGib,writeFreqDistOn,writeFrequencyZones,time,writeMibs, physMibs,readMibs, physicalMediaUnitsWrittenBytes, physicalMediaUnitsReadBytes, percentFreeBlocks,softECCError, unalignedIO, maxUserDataEraseCount,minUserDataEraseCount, currentThrottlingStatus
keep,ssd,10,0,0,1.00188,42,0,174,0,0,0,0,0,0,0,0
keep,ssd,10,0,0,2.00189,43,0,175,0,0,0,0,0,0,0,0
keep,ssd,10,0,0,3.00192,44,0,178,0,0,0,0,0,0,0,0
keep,ssd,10,0,0,4.00208,44,0,179,0,0,0,0,0,0,0,0
keep,ssd,10,0,0,5.00211,38,0,156,0,0,0,0,0,0,0,0
keep,ssd,10,0,0,6.00216,43,0,174,0,0,0,0,0,0,0,0
keep,ssd,10,0,0,7.0025,43,0,172,0,0,0,0,0,0,0,0
keep,ssd,10,0,0,8.00261,44,0,177,0,0,0,0,0,0,0,0
keep,ssd,10,0,0,9.00265,44,0,177,0,0,0,0,0,0,0,0
keep,ssd,10,0,0,10.0027,44,0,178,0,0,0,0,0,0,0,0
keep,ssd,10,0,0,11.0027,44,0,176,0,0,0,0,0,0,0,0
keep,ssd,10,0,0,12.0027,43,0,174,0,0,0,0,0,0,0,0
keep,ssd,10,0,0,13.0035,43,0,175,0,0,0,0,0,0,0,0
keep,ssd,10,0,0,14.0035,43,0,176,0,0,0,0,0,0,0,0
keep,ssd,10,0,0,15.0035,44,0,176,0,0,0,0,0,0,0,0
keep,ssd,10,0,0,16.0036,43,0,176,0,0,0,0,0,0,0,0
keep,ssd,10,0,0,17.0037,43,0,172,0,0,0,0,0,0,0,0
keep,ssd,10,0,0,18.0037,44,0,173,0,0,0,0,0,0,0,0
keep,ssd,10,0,0,19.0037,43,0,172,0,0,0,0,0,0,0,0
keep,ssd,10,0,0,20.0038,44,0,177,0,0,0,0,0,0,0,0
keep,ssd,10,0,0,21.0038,44,0,176,0,0,0,0,0,0,0,0
keep,ssd,10,0,0,22.0038,45,0,178,0,0,0,0,0,0,0,0
keep,ssd,10,0,0,23.0039,43,0,177,0,0,0,0,0,0,0,0
keep,ssd,10,0,0,24.0039,44,0,174,0,0,0,0,0,0,0,0
keep,ssd,10,0,0,25.0041,43,0,174,0,0,0,0,0,0,0,0
keep,ssd,10,0,0,26.0041,44,0,176,0,0,0,0,0,0,0,0
keep,ssd,10,0,0,27.0042,44,0,176,0,0,0,0,0,0,0,0
keep,ssd,10,0,0,28.0042,44,0,175,0,0,0,0,0,0,0,0
keep,ssd,10,0,0,29.0044,42,0,172,0,0,0,0,0,0,0,0
