stat,type,filesizeGib,writeFreqDistOn,writeFrequencyZones,time,writeMibs, physMibs,readMibs, physicalMediaUnitsWrittenBytes, physicalMediaUnitsReadBytes, percentFreeBlocks,softECCError, unalignedIO, maxUserDataEraseCount,minUserDataEraseCount, currentThrottlingStatus
keep,ssd,10,0,0,1.00081,0,0,125,0,0,0,0,0,0,0,0
keep,ssd,10,0,0,2.0009,0,0,124,0,0,0,0,0,0,0,0
keep,ssd,10,0,0,3.00094,0,0,124,0,0,0,0,0,0,0,0
keep,ssd,10,0,0,4.00101,0,0,124,0,0,0,0,0,0,0,0
keep,ssd,10,0,0,5.00106,0,0,124,0,0,0,0,0,0,0,0
keep,ssd,10,0,0,6.00109,0,0,124,0,0,0,0,0,0,0,0
keep,ssd,10,0,0,7.0011,0,0,124,0,0,0,0,0,0,0,0
keep,ssd,10,0,0,8.00113,0,0,124,0,0,0,0,0,0,0,0
keep,ssd,10,0,0,9.00117,0,0,124,0,0,0,0,0,0,0,0
keep,ssd,10,0,0,10.0012,0,0,124,0,0,0,0,0,0,0,0
keep,ssd,10,0,0,11.0012,0,0,124,0,0,0,0,0,0,0,0
keep,ssd,10,0,0,12.0013,0,0,124,0,0,0,0,0,0,0,0
keep,ssd,10,0,0,13.0013,0,0,124,0,0,0,0,0,0,0,0
keep,ssd,10,0,0,14.0013,0,0,124,0,0,0,0,0,0,0,0
keep,ssd,10,0,0,15.0014,0,0,124,0,0,0,0,0,0,0,0
keep,ssd,10,0,0,16.0014,0,0,124,0,0,0,0,0,0,0,0
keep,ssd,10,0,0,17.0014,0,0,124,0,0,0,0,0,0,0,0
keep,ssd,10,0,0,18.0014,0,0,124,0,0,0,0,0,0,0,0
keep,ssd,10,0,0,19.0014,0,0,124,0,0,0,0,0,0,0,0
keep,ssd,10,0,0,20.0015,0,0,124,0,0,0,0,0,0,0,0
keep,ssd,10,0,0,21.0015,0,0,124,0,0,0,0,0,0,0,0
keep,ssd,10,0,0,22.0015,0,0,124,0,0,0,0,0,0,0,0
keep,ssd,10,0,0,23.0016,0,0,124,0,0,0,0,0,0,0,0
keep,ssd,10,0,0,24.0016,0,0,124,0,0,0,0,0,0,0,0
keep,ssd,10,0,0,25.0016,0,0,124,0,0,0,0,0,0,0,0
keep,ssd,10,0,0,26.0016,0,0,124,0,0,0,0,0,0,0,0
keep,ssd,10,0,0,27.0016,0,0,124,0,0,0,0,0,0,0,0
keep,ssd,10,0,0,28.0017,0,0,124,0,0,0,0,0,0,0,0
keep,ssd,10,0,0,29.0018,0,0,124,0,0,0,0,0,0,0,0
keep,ssd,10,0,0,30.0018,0,0,124,0,0,0,0,0,0,0,0
